"id" "Tore" "Team" "Gegner" "EM" "Heim" "GDP" "Max1" "Max2" "Quoten" "Population" "Altersschnitt" "Marktwert" "FIFA.Platz" "FIFA.Punkte" "UEFA.Platz" "UEFA.Punkte" "CL.Spieler" "UEFA.Cup.Spieler" "Grenzland" "Alter.Trainer" "Nation.Trainer" "Legionaere" "Heim_gegner" "GDP_gegner" "Max1_gegner" "Max2_gegner" "Quoten_gegner" "Population_gegner" "Altersschnitt_gegner" "Marktwert_gegner" "FIFA.Platz_gegner" "FIFA.Punkte_gegner" "UEFA.Platz_gegner" "UEFA.Punkte_gegner" "CL.Spieler_gegner" "UEFA.Cup.Spieler_gegner" "Grenzland_gegner" "Alter.Trainer_gegner" "Nation.Trainer_gegner" "Legionaere_gegner"
"1" 0 "Schweiz" "Tschechien" 2008 1 65800 3 2 22 15.8428023860027 26 3.56 48 617 16 24.225 0 0 1 64 1 16 0 20729 3 3 15 16.1555002929753 28.4 4.87 6 1244 15 25.75 1 1 1 68 1 20
"2" 1 "Tschechien" "Schweiz" 2008 0 20729 3 3 15 16.1555002929753 28.4 4.87 6 1244 15 25.75 1 1 1 68 1 20 1 65800 3 2 22 15.8428023860027 26 3.56 48 617 16 24.225 0 0 1 64 1 16
"21" 2 "Portugal" "Tuerkei" 2008 0 23716 5 3 7 16.1780212049544 26.5 11.84 9 1131 8 39.927 5 0 0 59 0 12 0 10298 7 5 35 18.072346009291 26.4 4.64 25 856 11 31.725 0 1 0 54 1 7
"22" 0 "Tuerkei" "Portugal" 2008 0 10298 7 5 35 18.072346009291 26.4 4.64 25 856 11 31.725 0 1 0 54 1 7 0 23716 5 3 7 16.1780212049544 26.5 11.84 9 1131 8 39.927 5 0 0 59 0 12
"3" 1 "Tschechien" "Portugal" 2008 0 20729 3 3 15 16.1555002929753 28.4 4.87 6 1244 15 25.75 1 1 1 68 1 20 0 23716 5 3 7 16.1780212049544 26.5 11.84 9 1131 8 39.927 5 0 0 59 0 12
"31" 3 "Portugal" "Tschechien" 2008 0 23716 5 3 7 16.1780212049544 26.5 11.84 9 1131 8 39.927 5 0 0 59 0 12 0 20729 3 3 15 16.1555002929753 28.4 4.87 6 1244 15 25.75 1 1 1 68 1 20
"4" 1 "Schweiz" "Tuerkei" 2008 1 65800 3 2 22 15.8428023860027 26 3.56 48 617 16 24.225 0 0 1 64 1 16 0 10298 7 5 35 18.072346009291 26.4 4.64 25 856 11 31.725 0 1 0 54 1 7
"41" 2 "Tuerkei" "Schweiz" 2008 0 10298 7 5 35 18.072346009291 26.4 4.64 25 856 11 31.725 0 1 0 54 1 7 1 65800 3 2 22 15.8428023860027 26 3.56 48 617 16 24.225 0 0 1 64 1 16
"5" 2 "Schweiz" "Portugal" 2008 1 65800 3 2 22 15.8428023860027 26 3.56 48 617 16 24.225 0 0 1 64 1 16 0 23716 5 3 7 16.1780212049544 26.5 11.84 9 1131 8 39.927 5 0 0 59 0 12
"51" 0 "Portugal" "Schweiz" 2008 0 23716 5 3 7 16.1780212049544 26.5 11.84 9 1131 8 39.927 5 0 0 59 0 12 1 65800 3 2 22 15.8428023860027 26 3.56 48 617 16 24.225 0 0 1 64 1 16
"6" 3 "Tuerkei" "Tschechien" 2008 0 10298 7 5 35 18.072346009291 26.4 4.64 25 856 11 31.725 0 1 0 54 1 7 0 20729 3 3 15 16.1555002929753 28.4 4.87 6 1244 15 25.75 1 1 1 68 1 20
"61" 2 "Tschechien" "Tuerkei" 2008 0 20729 3 3 15 16.1555002929753 28.4 4.87 6 1244 15 25.75 1 1 1 68 1 20 0 10298 7 5 35 18.072346009291 26.4 4.64 25 856 11 31.725 0 1 0 54 1 7
"7" 0 "Oesterreich" "Kroatien" 2008 1 49679 4 2 75 15.934003567707 26 1.91 101 328 20 17.7 0 0 1 60 1 10 0 15767 4 4 12 15.3053540201207 27.2 5.67 13 1044 27 11.624 0 0 0 39 1 20
"71" 1 "Kroatien" "Oesterreich" 2008 0 15767 4 4 12 15.3053540201207 27.2 5.67 13 1044 27 11.624 0 0 0 39 1 20 1 49679 4 2 75 15.934003567707 26 1.91 101 328 20 17.7 0 0 1 60 1 10
"8" 2 "Deutschland" "Polen" 2008 0 44132 5 3 4.5 18.2248828316202 26.8 10.19 5 1264 5 48.722 1 5 1 44 1 4 0 13886 3 2 35 17.456135280789 26.65 2.58 27 848 25 12.041 0 0 0 65 0 13
"81" 0 "Polen" "Deutschland" 2008 0 13886 3 2 35 17.456135280789 26.65 2.58 27 848 25 12.041 0 0 0 65 0 13 0 44132 5 3 4.5 18.2248828316202 26.8 10.19 5 1264 5 48.722 1 5 1 44 1 4
"9" 2 "Kroatien" "Deutschland" 2008 0 15767 4 4 12 15.3053540201207 27.2 5.67 13 1044 27 11.624 0 0 0 39 1 20 0 44132 5 3 4.5 18.2248828316202 26.8 10.19 5 1264 5 48.722 1 5 1 44 1 4
"91" 1 "Deutschland" "Kroatien" 2008 0 44132 5 3 4.5 18.2248828316202 26.8 10.19 5 1264 5 48.722 1 5 1 44 1 4 0 15767 4 4 12 15.3053540201207 27.2 5.67 13 1044 27 11.624 0 0 0 39 1 20
"10" 1 "Oesterreich" "Polen" 2008 1 49679 4 2 75 15.934003567707 26 1.91 101 328 20 17.7 0 0 1 60 1 10 0 13886 3 2 35 17.456135280789 26.65 2.58 27 848 25 12.041 0 0 0 65 0 13
"101" 1 "Polen" "Oesterreich" 2008 0 13886 3 2 35 17.456135280789 26.65 2.58 27 848 25 12.041 0 0 0 65 0 13 1 49679 4 2 75 15.934003567707 26 1.91 101 328 20 17.7 0 0 1 60 1 10
"11" 0 "Oesterreich" "Deutschland" 2008 1 49679 4 2 75 15.934003567707 26 1.91 101 328 20 17.7 0 0 1 60 1 10 0 44132 5 3 4.5 18.2248828316202 26.8 10.19 5 1264 5 48.722 1 5 1 44 1 4
"111" 1 "Deutschland" "Oesterreich" 2008 0 44132 5 3 4.5 18.2248828316202 26.8 10.19 5 1264 5 48.722 1 5 1 44 1 4 1 49679 4 2 75 15.934003567707 26 1.91 101 328 20 17.7 0 0 1 60 1 10
"12" 0 "Polen" "Kroatien" 2008 0 13886 3 2 35 17.456135280789 26.65 2.58 27 848 25 12.041 0 0 0 65 0 13 0 15767 4 4 12 15.3053540201207 27.2 5.67 13 1044 27 11.624 0 0 0 39 1 20
"121" 1 "Kroatien" "Polen" 2008 0 15767 4 4 12 15.3053540201207 27.2 5.67 13 1044 27 11.624 0 0 0 39 1 20 0 13886 3 2 35 17.456135280789 26.65 2.58 27 848 25 12.041 0 0 0 65 0 13
"13" 0 "Rumaenien" "Frankreich" 2008 0 9300 5 3 35 16.8848940958254 26.5 3.87 12 1082 7 40.599 0 1 0 52 1 12 0 44117 7 3 8 17.9745060256336 27.4 14.08 7 1205 4 52.668 7 3 1 56 1 13
"131" 0 "Frankreich" "Rumaenien" 2008 0 44117 7 3 8 17.9745060256336 27.4 14.08 7 1205 4 52.668 7 3 1 56 1 13 0 9300 5 3 35 16.8848940958254 26.5 3.87 12 1082 7 40.599 0 1 0 52 1 12
"14" 3 "Niederlande" "Italien" 2008 0 52951 3 3 11 16.6131210459347 27.7 10.1 10 1123 9 38.213 2 0 0 43 1 14 0 38563 4 4 5.5 17.9034897373878 28.7 15.27 3 1396 3 60.41 1 2 1 44 1 4
"141" 0 "Italien" "Niederlande" 2008 0 38563 4 4 5.5 17.9034897373878 28.7 15.27 3 1396 3 60.41 1 2 1 44 1 4 0 52951 3 3 11 16.6131210459347 27.7 10.1 10 1123 9 38.213 2 0 0 43 1 14
"15" 1 "Italien" "Rumaenien" 2008 0 38563 4 4 5.5 17.9034897373878 28.7 15.27 3 1396 3 60.41 1 2 1 44 1 4 0 9300 5 3 35 16.8848940958254 26.5 3.87 12 1082 7 40.599 0 1 0 52 1 12
"151" 1 "Rumaenien" "Italien" 2008 0 9300 5 3 35 16.8848940958254 26.5 3.87 12 1082 7 40.599 0 1 0 52 1 12 0 38563 4 4 5.5 17.9034897373878 28.7 15.27 3 1396 3 60.41 1 2 1 44 1 4
"16" 4 "Niederlande" "Frankreich" 2008 0 52951 3 3 11 16.6131210459347 27.7 10.1 10 1123 9 38.213 2 0 0 43 1 14 0 44117 7 3 8 17.9745060256336 27.4 14.08 7 1205 4 52.668 7 3 1 56 1 13
"161" 1 "Frankreich" "Niederlande" 2008 0 44117 7 3 8 17.9745060256336 27.4 14.08 7 1205 4 52.668 7 3 1 56 1 13 0 52951 3 3 11 16.6131210459347 27.7 10.1 10 1123 9 38.213 2 0 0 43 1 14
"17" 0 "Frankreich" "Italien" 2008 0 44117 7 3 8 17.9745060256336 27.4 14.08 7 1205 4 52.668 7 3 1 56 1 13 0 38563 4 4 5.5 17.9034897373878 28.7 15.27 3 1396 3 60.41 1 2 1 44 1 4
"171" 2 "Italien" "Frankreich" 2008 0 38563 4 4 5.5 17.9034897373878 28.7 15.27 3 1396 3 60.41 1 2 1 44 1 4 0 44117 7 3 8 17.9745060256336 27.4 14.08 7 1205 4 52.668 7 3 1 56 1 13
"18" 2 "Niederlande" "Rumaenien" 2008 0 52951 3 3 11 16.6131210459347 27.7 10.1 10 1123 9 38.213 2 0 0 43 1 14 0 9300 5 3 35 16.8848940958254 26.5 3.87 12 1082 7 40.599 0 1 0 52 1 12
"181" 0 "Rumaenien" "Niederlande" 2008 0 9300 5 3 35 16.8848940958254 26.5 3.87 12 1082 7 40.599 0 1 0 52 1 12 0 52951 3 3 11 16.6131210459347 27.7 10.1 10 1123 9 38.213 2 0 0 43 1 14
"19" 4 "Spanien" "Russland" 2008 0 34988 4 4 6.5 17.6284479636508 26 16.57 4 1323 2 75.266 7 0 0 69 1 5 0 11700 5 5 22 18.7710277083943 25.7 5.47 25 856 6 43.75 0 5 0 61 0 1
"191" 1 "Russland" "Spanien" 2008 0 11700 5 5 22 18.7710277083943 25.7 5.47 25 856 6 43.75 0 5 0 61 0 1 0 34988 4 4 6.5 17.6284479636508 26 16.57 4 1323 2 75.266 7 0 0 69 1 5
"20" 0 "Griechenland" "Schweden" 2008 0 30363 6 4 22 16.232654383019 28.7 3.71 8 1196 14 25.831 0 0 0 69 0 9 0 52731 2 2 35 16.0328565570922 28.7 5.24 23 862 23 13.691 0 0 0 59 1 16
"201" 2 "Schweden" "Griechenland" 2008 0 52731 2 2 35 16.0328565570922 28.7 5.24 23 862 23 13.691 0 0 0 59 1 16 0 30363 6 4 22 16.232654383019 28.7 3.71 8 1196 14 25.831 0 0 0 69 0 9
"211" 1 "Schweden" "Spanien" 2008 0 52731 2 2 35 16.0328565570922 28.7 5.24 23 862 23 13.691 0 0 0 59 1 16 0 34988 4 4 6.5 17.6284479636508 26 16.57 4 1323 2 75.266 7 0 0 69 1 5
"212" 2 "Spanien" "Schweden" 2008 0 34988 4 4 6.5 17.6284479636508 26 16.57 4 1323 2 75.266 7 0 0 69 1 5 0 52731 2 2 35 16.0328565570922 28.7 5.24 23 862 23 13.691 0 0 0 59 1 16
"221" 0 "Griechenland" "Russland" 2008 0 30363 6 4 22 16.232654383019 28.7 3.71 8 1196 14 25.831 0 0 0 69 0 9 0 11700 5 5 22 18.7710277083943 25.7 5.47 25 856 6 43.75 0 5 0 61 0 1
"222" 1 "Russland" "Griechenland" 2008 0 11700 5 5 22 18.7710277083943 25.7 5.47 25 856 6 43.75 0 5 0 61 0 1 0 30363 6 4 22 16.232654383019 28.7 3.71 8 1196 14 25.831 0 0 0 69 0 9
"23" 1 "Griechenland" "Spanien" 2008 0 30363 6 4 22 16.232654383019 28.7 3.71 8 1196 14 25.831 0 0 0 69 0 9 0 34988 4 4 6.5 17.6284479636508 26 16.57 4 1323 2 75.266 7 0 0 69 1 5
"231" 2 "Spanien" "Griechenland" 2008 0 34988 4 4 6.5 17.6284479636508 26 16.57 4 1323 2 75.266 7 0 0 69 1 5 0 30363 6 4 22 16.232654383019 28.7 3.71 8 1196 14 25.831 0 0 0 69 0 9
"24" 2 "Russland" "Schweden" 2008 0 11700 5 5 22 18.7710277083943 25.7 5.47 25 856 6 43.75 0 5 0 61 0 1 0 52731 2 2 35 16.0328565570922 28.7 5.24 23 862 23 13.691 0 0 0 59 1 16
"241" 0 "Schweden" "Russland" 2008 0 52731 2 2 35 16.0328565570922 28.7 5.24 23 862 23 13.691 0 0 0 59 1 16 0 11700 5 5 22 18.7710277083943 25.7 5.47 25 856 6 43.75 0 5 0 61 0 1
"25" 2 "Portugal" "Deutschland" 2008 0 23716 5 3 7 16.1780212049544 26.5 11.84 9 1131 8 39.927 5 0 0 59 0 12 0 44132 5 3 4.5 18.2248828316202 26.8 10.19 5 1264 5 48.722 1 5 1 44 1 4
"251" 3 "Deutschland" "Portugal" 2008 0 44132 5 3 4.5 18.2248828316202 26.8 10.19 5 1264 5 48.722 1 5 1 44 1 4 0 23716 5 3 7 16.1780212049544 26.5 11.84 9 1131 8 39.927 5 0 0 59 0 12
"26" 1 "Kroatien" "Tuerkei" 2008 0 15767 4 4 12 15.3053540201207 27.2 5.67 13 1044 27 11.624 0 0 0 39 1 20 0 10298 7 5 35 18.072346009291 26.4 4.64 25 856 11 31.725 0 1 0 54 1 7
"261" 1 "Tuerkei" "Kroatien" 2008 0 10298 7 5 35 18.072346009291 26.4 4.64 25 856 11 31.725 0 1 0 54 1 7 0 15767 4 4 12 15.3053540201207 27.2 5.67 13 1044 27 11.624 0 0 0 39 1 20
"27" 1 "Niederlande" "Russland" 2008 0 52951 3 3 11 16.6131210459347 27.7 10.1 10 1123 9 38.213 2 0 0 43 1 14 0 11700 5 5 22 18.7710277083943 25.7 5.47 25 856 6 43.75 0 5 0 61 0 1
"271" 3 "Russland" "Niederlande" 2008 0 11700 5 5 22 18.7710277083943 25.7 5.47 25 856 6 43.75 0 5 0 61 0 1 0 52951 3 3 11 16.6131210459347 27.7 10.1 10 1123 9 38.213 2 0 0 43 1 14
"28" 0 "Spanien" "Italien" 2008 0 34988 4 4 6.5 17.6284479636508 26 16.57 4 1323 2 75.266 7 0 0 69 1 5 0 38563 4 4 5.5 17.9034897373878 28.7 15.27 3 1396 3 60.41 1 2 1 44 1 4
"281" 0 "Italien" "Spanien" 2008 0 38563 4 4 5.5 17.9034897373878 28.7 15.27 3 1396 3 60.41 1 2 1 44 1 4 0 34988 4 4 6.5 17.6284479636508 26 16.57 4 1323 2 75.266 7 0 0 69 1 5
"29" 3 "Deutschland" "Tuerkei" 2008 0 44132 5 3 4.5 18.2248828316202 26.8 10.19 5 1264 5 48.722 1 5 1 44 1 4 0 10298 7 5 35 18.072346009291 26.4 4.64 25 856 11 31.725 0 1 0 54 1 7
"291" 2 "Tuerkei" "Deutschland" 2008 0 10298 7 5 35 18.072346009291 26.4 4.64 25 856 11 31.725 0 1 0 54 1 7 0 44132 5 3 4.5 18.2248828316202 26.8 10.19 5 1264 5 48.722 1 5 1 44 1 4
"30" 0 "Russland" "Spanien" 2008 0 11700 5 5 22 18.7710277083943 25.7 5.47 25 856 6 43.75 0 5 0 61 0 1 0 34988 4 4 6.5 17.6284479636508 26 16.57 4 1323 2 75.266 7 0 0 69 1 5
"301" 3 "Spanien" "Russland" 2008 0 34988 4 4 6.5 17.6284479636508 26 16.57 4 1323 2 75.266 7 0 0 69 1 5 0 11700 5 5 22 18.7710277083943 25.7 5.47 25 856 6 43.75 0 5 0 61 0 1
"311" 0 "Deutschland" "Spanien" 2008 0 44132 5 3 4.5 18.2248828316202 26.8 10.19 5 1264 5 48.722 1 5 1 44 1 4 0 34988 4 4 6.5 17.6284479636508 26 16.57 4 1323 2 75.266 7 0 0 69 1 5
"312" 1 "Spanien" "Deutschland" 2008 0 34988 4 4 6.5 17.6284479636508 26 16.57 4 1323 2 75.266 7 0 0 69 1 5 0 44132 5 3 4.5 18.2248828316202 26.8 10.19 5 1264 5 48.722 1 5 1 44 1 4
"32" 1 "Portugal" "Griechenland" 2004 1 17654 6 4 6 16.1644719517213 26.8 11.07 20 662 6 42.333 6 0 1 55 0 10 0 20607 5 4 45 16.2170944738916 28.4 3.22 34 638 7 34.748 0 0 0 65 0 11
"321" 2 "Griechenland" "Portugal" 2004 0 20607 5 4 45 16.2170944738916 28.4 3.22 34 638 7 34.748 0 0 0 65 0 11 1 17654 6 4 6 16.1644719517213 26.8 11.07 20 662 6 42.333 6 0 1 55 0 10
"33" 1 "Spanien" "Russland" 2004 0 24461 5 4 6.5 17.5613689848196 25.5 10.8 3 784 1 79.851 5 5 1 61 1 1 0 4109 6 4 40 18.7840800287503 25.6 3.13 30 652 21 19.916 1 1 0 56 1 3
"331" 0 "Russland" "Spanien" 2004 0 4109 6 4 40 18.7840800287503 25.6 3.13 30 652 21 19.916 1 1 0 56 1 3 0 24461 5 4 6.5 17.5613689848196 25.5 10.8 3 784 1 79.851 5 5 1 61 1 1
"34" 1 "Griechenland" "Spanien" 2004 0 20607 5 4 45 16.2170944738916 28.4 3.22 34 638 7 34.748 0 0 0 65 0 11 0 24461 5 4 6.5 17.5613689848196 25.5 10.8 3 784 1 79.851 5 5 1 61 1 1
"341" 1 "Spanien" "Griechenland" 2004 0 24461 5 4 6.5 17.5613689848196 25.5 10.8 3 784 1 79.851 5 5 1 61 1 1 0 20607 5 4 45 16.2170944738916 28.4 3.22 34 638 7 34.748 0 0 0 65 0 11
"35" 0 "Russland" "Portugal" 2004 0 4109 6 4 40 18.7840800287503 25.6 3.13 30 652 21 19.916 1 1 0 56 1 3 1 17654 6 4 6 16.1644719517213 26.8 11.07 20 662 6 42.333 6 0 1 55 0 10
"351" 2 "Portugal" "Russland" 2004 1 17654 6 4 6 16.1644719517213 26.8 11.07 20 662 6 42.333 6 0 1 55 0 10 0 4109 6 4 40 18.7840800287503 25.6 3.13 30 652 21 19.916 1 1 0 56 1 3
"36" 0 "Spanien" "Portugal" 2004 0 24461 5 4 6.5 17.5613689848196 25.5 10.8 3 784 1 79.851 5 5 1 61 1 1 1 17654 6 4 6 16.1644719517213 26.8 11.07 20 662 6 42.333 6 0 1 55 0 10
"361" 1 "Portugal" "Spanien" 2004 1 17654 6 4 6 16.1644719517213 26.8 11.07 20 662 6 42.333 6 0 1 55 0 10 0 24461 5 4 6.5 17.5613689848196 25.5 10.8 3 784 1 79.851 5 5 1 61 1 1
"37" 2 "Russland" "Griechenland" 2004 0 4109 6 4 40 18.7840800287503 25.6 3.13 30 652 21 19.916 1 1 0 56 1 3 0 20607 5 4 45 16.2170944738916 28.4 3.22 34 638 7 34.748 0 0 0 65 0 11
"371" 1 "Griechenland" "Russland" 2004 0 20607 5 4 45 16.2170944738916 28.4 3.22 34 638 7 34.748 0 0 0 65 0 11 0 4109 6 4 40 18.7840800287503 25.6 3.13 30 652 21 19.916 1 1 0 56 1 3
"38" 0 "Schweiz" "Kroatien" 2004 0 49122 4 2 60 15.8121339189061 27.1 2.51 47 578 13 22.375 0 1 0 60 1 12 0 9237 2 1 45 15.3065551735705 27.4 2.88 25 655 23 17.375 1 0 0 71 0 21
"381" 0 "Kroatien" "Schweiz" 2004 0 9237 2 1 45 15.3065551735705 27.4 2.88 25 655 23 17.375 1 0 0 71 0 21 0 49122 4 2 60 15.8121339189061 27.1 2.51 47 578 13 22.375 0 1 0 60 1 12
"39" 2 "Frankreich" "England" 2004 0 32874 4 3 3.25 17.9473474334655 28.3 12.93 2 819 5 48.326 4 2 0 52 1 15 0 36771 4 4 7 17.9047929456404 25.7 12.48 12 714 2 62.153 4 1 0 56 0 2
"391" 1 "England" "Frankreich" 2004 0 36771 4 4 7 17.9047929456404 25.7 12.48 12 714 2 62.153 4 1 0 56 0 2 0 32874 4 3 3.25 17.9473474334655 28.3 12.93 2 819 5 48.326 4 2 0 52 1 15
"40" 3 "England" "Schweiz" 2004 0 36771 4 4 7 17.9047929456404 25.7 12.48 12 714 2 62.153 4 1 0 56 0 2 0 49122 4 2 60 15.8121339189061 27.1 2.51 47 578 13 22.375 0 1 0 60 1 12
"401" 0 "Schweiz" "England" 2004 0 49122 4 2 60 15.8121339189061 27.1 2.51 47 578 13 22.375 0 1 0 60 1 12 0 36771 4 4 7 17.9047929456404 25.7 12.48 12 714 2 62.153 4 1 0 56 0 2
"411" 2 "Kroatien" "Frankreich" 2004 0 9237 2 1 45 15.3065551735705 27.4 2.88 25 655 23 17.375 1 0 0 71 0 21 0 32874 4 3 3.25 17.9473474334655 28.3 12.93 2 819 5 48.326 4 2 0 52 1 15
"412" 2 "Frankreich" "Kroatien" 2004 0 32874 4 3 3.25 17.9473474334655 28.3 12.93 2 819 5 48.326 4 2 0 52 1 15 0 9237 2 1 45 15.3065551735705 27.4 2.88 25 655 23 17.375 1 0 0 71 0 21
"42" 2 "Kroatien" "England" 2004 0 9237 2 1 45 15.3065551735705 27.4 2.88 25 655 23 17.375 1 0 0 71 0 21 0 36771 4 4 7 17.9047929456404 25.7 12.48 12 714 2 62.153 4 1 0 56 0 2
"421" 4 "England" "Kroatien" 2004 0 36771 4 4 7 17.9047929456404 25.7 12.48 12 714 2 62.153 4 1 0 56 0 2 0 9237 2 1 45 15.3065551735705 27.4 2.88 25 655 23 17.375 1 0 0 71 0 21
"43" 1 "Schweiz" "Frankreich" 2004 0 49122 4 2 60 15.8121339189061 27.1 2.51 47 578 13 22.375 0 1 0 60 1 12 0 32874 4 3 3.25 17.9473474334655 28.3 12.93 2 819 5 48.326 4 2 0 52 1 15
"431" 3 "Frankreich" "Schweiz" 2004 0 32874 4 3 3.25 17.9473474334655 28.3 12.93 2 819 5 48.326 4 2 0 52 1 15 0 49122 4 2 60 15.8121339189061 27.1 2.51 47 578 13 22.375 0 1 0 60 1 12
"44" 0 "Daenemark" "Italien" 2004 0 45282 2 2 20 15.5014723789689 26.9 4.18 14 700 22 17.45 1 0 0 54 1 20 0 29833 5 5 5 17.8740248994789 28 16.15 11 717 3 59.186 0 0 0 65 1 0
"441" 0 "Italien" "Daenemark" 2004 0 29833 5 5 5 17.8740248994789 28 16.15 11 717 3 59.186 0 0 0 65 1 0 0 45282 2 2 20 15.5014723789689 26.9 4.18 14 700 22 17.45 1 0 0 54 1 20
"45" 5 "Schweden" "Bulgarien" 2004 0 40261 2 2 20 16.0100281413629 27.3 4.32 21 660 24 16.716 0 0 0 55 1 18 0 3249 4 4 60 15.8697974834715 27.7 2.3 38 618 20 19.998 0 0 0 46 1 11
"451" 0 "Bulgarien" "Schweden" 2004 0 3249 4 4 60 15.8697974834715 27.7 2.3 38 618 20 19.998 0 0 0 46 1 11 0 40261 2 2 20 16.0100281413629 27.3 4.32 21 660 24 16.716 0 0 0 55 1 18
"46" 0 "Bulgarien" "Daenemark" 2004 0 3249 4 4 60 15.8697974834715 27.7 2.3 38 618 20 19.998 0 0 0 46 1 11 0 45282 2 2 20 15.5014723789689 26.9 4.18 14 700 22 17.45 1 0 0 54 1 20
"461" 2 "Daenemark" "Bulgarien" 2004 0 45282 2 2 20 15.5014723789689 26.9 4.18 14 700 22 17.45 1 0 0 54 1 20 0 3249 4 4 60 15.8697974834715 27.7 2.3 38 618 20 19.998 0 0 0 46 1 11
"47" 1 "Italien" "Schweden" 2004 0 29833 5 5 5 17.8740248994789 28 16.15 11 717 3 59.186 0 0 0 65 1 0 0 40261 2 2 20 16.0100281413629 27.3 4.32 21 660 24 16.716 0 0 0 55 1 18
"471" 1 "Schweden" "Italien" 2004 0 40261 2 2 20 16.0100281413629 27.3 4.32 21 660 24 16.716 0 0 0 55 1 18 0 29833 5 5 5 17.8740248994789 28 16.15 11 717 3 59.186 0 0 0 65 1 0
"48" 2 "Italien" "Bulgarien" 2004 0 29833 5 5 5 17.8740248994789 28 16.15 11 717 3 59.186 0 0 0 65 1 0 0 3249 4 4 60 15.8697974834715 27.7 2.3 38 618 20 19.998 0 0 0 46 1 11
"481" 1 "Bulgarien" "Italien" 2004 0 3249 4 4 60 15.8697974834715 27.7 2.3 38 618 20 19.998 0 0 0 46 1 11 0 29833 5 5 5 17.8740248994789 28 16.15 11 717 3 59.186 0 0 0 65 1 0
"49" 2 "Daenemark" "Schweden" 2004 0 45282 2 2 20 15.5014723789689 26.9 4.18 14 700 22 17.45 1 0 0 54 1 20 0 40261 2 2 20 16.0100281413629 27.3 4.32 21 660 24 16.716 0 0 0 55 1 18
"491" 2 "Schweden" "Daenemark" 2004 0 40261 2 2 20 16.0100281413629 27.3 4.32 21 660 24 16.716 0 0 0 55 1 18 0 45282 2 2 20 15.5014723789689 26.9 4.18 14 700 22 17.45 1 0 0 54 1 20
"50" 2 "Tschechien" "Lettland" 2004 0 10721 2 2 7 16.1390206873334 26.8 6.36 10 720 9 33.075 1 1 0 64 1 20 0 5950 7 3 100 14.6567341501382 29 1.18 52 551 31 5.998 0 0 0 48 1 12
"501" 1 "Lettland" "Tschechien" 2004 0 5950 7 3 100 14.6567341501382 29 1.18 52 551 31 5.998 0 0 0 48 1 12 0 10721 2 2 7 16.1390206873334 26.8 6.36 10 720 9 33.075 1 1 0 64 1 20
"511" 1 "Deutschland" "Niederlande" 2004 0 33040 4 4 7 18.2286926685467 27.1 7.25 9 723 4 49.489 0 0 0 44 1 3 0 37458 6 3 5.5 16.6040976215485 28.4 10.05 4 744 8 34.081 0 0 0 56 1 17
"512" 1 "Niederlande" "Deutschland" 2004 0 37458 6 3 5.5 16.6040976215485 28.4 10.05 4 744 8 34.081 0 0 0 56 1 17 0 33040 4 4 7 18.2286926685467 27.1 7.25 9 723 4 49.489 0 0 0 44 1 3
"52" 0 "Lettland" "Deutschland" 2004 0 5950 7 3 100 14.6567341501382 29 1.18 52 551 31 5.998 0 0 0 48 1 12 0 33040 4 4 7 18.2286926685467 27.1 7.25 9 723 4 49.489 0 0 0 44 1 3
"521" 0 "Deutschland" "Lettland" 2004 0 33040 4 4 7 18.2286926685467 27.1 7.25 9 723 4 49.489 0 0 0 44 1 3 0 5950 7 3 100 14.6567341501382 29 1.18 52 551 31 5.998 0 0 0 48 1 12
"53" 2 "Niederlande" "Tschechien" 2004 0 37458 6 3 5.5 16.6040976215485 28.4 10.05 4 744 8 34.081 0 0 0 56 1 17 0 10721 2 2 7 16.1390206873334 26.8 6.36 10 720 9 33.075 1 1 0 64 1 20
"531" 3 "Tschechien" "Niederlande" 2004 0 10721 2 2 7 16.1390206873334 26.8 6.36 10 720 9 33.075 1 1 0 64 1 20 0 37458 6 3 5.5 16.6040976215485 28.4 10.05 4 744 8 34.081 0 0 0 56 1 17
"54" 3 "Niederlande" "Lettland" 2004 0 37458 6 3 5.5 16.6040976215485 28.4 10.05 4 744 8 34.081 0 0 0 56 1 17 0 5950 7 3 100 14.6567341501382 29 1.18 52 551 31 5.998 0 0 0 48 1 12
"541" 0 "Lettland" "Niederlande" 2004 0 5950 7 3 100 14.6567341501382 29 1.18 52 551 31 5.998 0 0 0 48 1 12 0 37458 6 3 5.5 16.6040976215485 28.4 10.05 4 744 8 34.081 0 0 0 56 1 17
"55" 1 "Deutschland" "Tschechien" 2004 0 33040 4 4 7 18.2286926685467 27.1 7.25 9 723 4 49.489 0 0 0 44 1 3 0 10721 2 2 7 16.1390206873334 26.8 6.36 10 720 9 33.075 1 1 0 64 1 20
"551" 2 "Tschechien" "Deutschland" 2004 0 10721 2 2 7 16.1390206873334 26.8 6.36 10 720 9 33.075 1 1 0 64 1 20 0 33040 4 4 7 18.2286926685467 27.1 7.25 9 723 4 49.489 0 0 0 44 1 3
"56" 2 "Portugal" "England" 2004 1 17654 6 4 6 16.1644719517213 26.8 11.07 20 662 6 42.333 6 0 1 55 0 10 0 36771 4 4 7 17.9047929456404 25.7 12.48 12 714 2 62.153 4 1 0 56 0 2
"561" 2 "England" "Portugal" 2004 0 36771 4 4 7 17.9047929456404 25.7 12.48 12 714 2 62.153 4 1 0 56 0 2 1 17654 6 4 6 16.1644719517213 26.8 11.07 20 662 6 42.333 6 0 1 55 0 10
"57" 0 "Frankreich" "Griechenland" 2004 0 32874 4 3 3.25 17.9473474334655 28.3 12.93 2 819 5 48.326 4 2 0 52 1 15 0 20607 5 4 45 16.2170944738916 28.4 3.22 34 638 7 34.748 0 0 0 65 0 11
"571" 1 "Griechenland" "Frankreich" 2004 0 20607 5 4 45 16.2170944738916 28.4 3.22 34 638 7 34.748 0 0 0 65 0 11 0 32874 4 3 3.25 17.9473474334655 28.3 12.93 2 819 5 48.326 4 2 0 52 1 15
"58" 0 "Schweden" "Niederlande" 2004 0 40261 2 2 20 16.0100281413629 27.3 4.32 21 660 24 16.716 0 0 0 55 1 18 0 37458 6 3 5.5 16.6040976215485 28.4 10.05 4 744 8 34.081 0 0 0 56 1 17
"581" 0 "Niederlande" "Schweden" 2004 0 37458 6 3 5.5 16.6040976215485 28.4 10.05 4 744 8 34.081 0 0 0 56 1 17 0 40261 2 2 20 16.0100281413629 27.3 4.32 21 660 24 16.716 0 0 0 55 1 18
"59" 3 "Tschechien" "Daenemark" 2004 0 10721 2 2 7 16.1390206873334 26.8 6.36 10 720 9 33.075 1 1 0 64 1 20 0 45282 2 2 20 15.5014723789689 26.9 4.18 14 700 22 17.45 1 0 0 54 1 20
"591" 0 "Daenemark" "Tschechien" 2004 0 45282 2 2 20 15.5014723789689 26.9 4.18 14 700 22 17.45 1 0 0 54 1 20 0 10721 2 2 7 16.1390206873334 26.8 6.36 10 720 9 33.075 1 1 0 64 1 20
"60" 2 "Portugal" "Niederlande" 2004 1 17654 6 4 6 16.1644719517213 26.8 11.07 20 662 6 42.333 6 0 1 55 0 10 0 37458 6 3 5.5 16.6040976215485 28.4 10.05 4 744 8 34.081 0 0 0 56 1 17
"601" 1 "Niederlande" "Portugal" 2004 0 37458 6 3 5.5 16.6040976215485 28.4 10.05 4 744 8 34.081 0 0 0 56 1 17 1 17654 6 4 6 16.1644719517213 26.8 11.07 20 662 6 42.333 6 0 1 55 0 10
"611" 1 "Griechenland" "Tschechien" 2004 0 20607 5 4 45 16.2170944738916 28.4 3.22 34 638 7 34.748 0 0 0 65 0 11 0 10721 2 2 7 16.1390206873334 26.8 6.36 10 720 9 33.075 1 1 0 64 1 20
"612" 0 "Tschechien" "Griechenland" 2004 0 10721 2 2 7 16.1390206873334 26.8 6.36 10 720 9 33.075 1 1 0 64 1 20 0 20607 5 4 45 16.2170944738916 28.4 3.22 34 638 7 34.748 0 0 0 65 0 11
"62" 0 "Portugal" "Griechenland" 2004 1 17654 6 4 6 16.1644719517213 26.8 11.07 20 662 6 42.333 6 0 1 55 0 10 0 20607 5 4 45 16.2170944738916 28.4 3.22 34 638 7 34.748 0 0 0 65 0 11
"621" 1 "Griechenland" "Portugal" 2004 0 20607 5 4 45 16.2170944738916 28.4 3.22 34 638 7 34.748 0 0 0 65 0 11 1 17654 6 4 6 16.1644719517213 26.8 11.07 20 662 6 42.333 6 0 1 55 0 10
"125" 1 "Polen" "Griechenland" 2012 1 13540 3 3 30 17.4573246096517 25.7 3.71 62 518 14 15.916 0 0 0 63 1 6 0 27073 5 3 60 16.2446401922833 27.8 3.64 62 953 14 34.166 0 0 0 57 0 7
"126" 1 "Griechenland" "Polen" 2012 0 27073 5 3 60 16.2446401922833 27.8 3.64 15 953 12 34.166 0 0 0 57 0 7 1 13540 3 3 30 17.4573246096517 25.7 3.71 15 518 12 15.916 0 0 0 63 1 6
"127" 4 "Russland" "Tschechien" 2012 0 12993 7 5 25 18.7707740765255 28.9 7.05 13 975 9 44.707 0 1 0 64 0 2 0 20444 6 1 50 16.1740032828966 27.8 4.4 13 771 9 20.85 1 0 0 47 1 15
"128" 1 "Tschechien" "Russland" 2012 0 20444 6 1 50 16.1740032828966 27.8 4.4 27 771 17 20.85 1 0 0 47 1 15 0 12993 7 5 25 18.7707740765255 28.9 7.05 27 975 17 44.707 0 1 0 64 0 2
"129" 1 "Deutschland" "Portugal" 2012 0 43742 8 4 3.2 18.2202400220443 25 19.96 3 1292 3 69.436 10 0 0 52 1 4 0 22413 3 3 18 16.1816336717623 27.6 14.68 3 996 3 51.596 4 3 0 42 1 13
"130" 0 "Portugal" "Deutschland" 2012 0 22413 3 3 18 16.1816336717623 27.6 14.68 10 996 5 51.596 4 3 0 42 1 13 0 43742 8 4 3.2 18.2202400220443 25 19.96 10 1292 5 69.436 10 0 0 52 1 4
"1311" 0 "Niederlande" "Daenemark" 2012 0 50355 3 1 7 16.6353406265265 27.7 12.04 4 1234 4 40.129 2 1 0 60 1 16 0 59928 4 3 60 15.5345201068277 27.1 3.78 4 1019 4 30.55 0 0 0 62 1 16
"132" 1 "Daenemark" "Niederlande" 2012 0 59928 4 3 60 15.5345201068277 27.1 3.78 9 1019 22 30.55 0 0 0 62 1 16 0 50355 3 1 7 16.6353406265265 27.7 12.04 9 1234 22 40.129 2 1 0 60 1 16
"133" 1 "Spanien" "Italien" 2012 0 32360 7 5 3.2 17.6461282611417 27.2 28.61 1 1456 1 82.329 14 3 0 61 1 4 0 36267 7 3 12 17.9271546172644 28.4 12.87 1 977 1 60.552 0 0 0 54 1 3
"134" 1 "Italien" "Spanien" 2012 0 36267 7 3 12 17.9271546172644 28.4 12.87 12 977 6 60.552 0 0 0 54 1 3 0 32360 7 5 3.2 17.6461282611417 27.2 28.61 12 1456 6 82.329 14 3 0 61 1 4
"135" 1 "Irland" "Kroatien" 2012 0 47513 3 3 75 15.3198101522751 28.9 3.09 18 907 35 8.708 0 0 0 73 0 23 0 14457 5 2 30 15.3014239841129 27 6.63 18 1053 35 16.124 1 0 0 43 1 18
"136" 3 "Kroatien" "Irland" 2012 0 14457 5 2 30 15.3014239841129 27 6.63 8 1053 20 16.124 1 0 0 43 1 18 0 47513 3 3 75 15.3198101522751 28.9 3.09 8 907 20 8.708 0 0 0 73 0 23
"137" 1 "Frankreich" "England" 2012 0 44008 3 2 12 17.9990862539143 27.3 14.78 14 964 7 53.678 3 1 0 46 1 11 0 38592 6 4 10 17.9604531729495 26.5 17.05 14 1145 7 85.785 2 0 0 65 1 0
"138" 1 "England" "Frankreich" 2012 0 38592 6 4 10 17.9604531729495 26.5 17.05 6 1145 2 85.785 2 0 0 65 1 0 0 44008 3 2 12 17.9990862539143 27.3 14.78 6 964 2 53.678 3 1 0 46 1 11
"139" 2 "Ukraine" "Schweden" 2012 1 3621 9 5 45 17.6351770173143 27.9 4.67 52 572 11 43.883 1 0 0 59 1 2 0 56956 2 1 50 16.0676441074622 28.9 5.34 52 910 11 14.125 0 0 0 54 1 20
"140" 1 "Schweden" "Ukraine" 2012 0 56956 2 1 50 16.0676441074622 28.9 5.34 17 910 23 14.125 0 0 0 54 1 20 1 3621 9 5 45 17.6351770173143 27.9 4.67 17 572 23 43.883 1 0 0 59 1 2
"1411" 1 "Griechenland" "Tschechien" 2012 0 27073 5 3 60 16.2446401922833 27.8 3.64 15 953 12 34.166 0 0 0 57 0 7 0 20444 6 1 50 16.1740032828966 27.8 4.4 15 771 12 20.85 1 0 0 47 1 15
"142" 2 "Tschechien" "Griechenland" 2012 0 20444 6 1 50 16.1740032828966 27.8 4.4 27 771 17 20.85 1 0 0 47 1 15 0 27073 5 3 60 16.2446401922833 27.8 3.64 27 953 17 34.166 0 0 0 57 0 7
"143" 1 "Polen" "Russland" 2012 1 13540 3 3 30 17.4573246096517 25.7 3.71 62 518 14 15.916 0 0 0 63 1 6 0 12993 7 5 25 18.7707740765255 28.9 7.05 62 975 14 44.707 0 1 0 64 0 2
"144" 1 "Russland" "Polen" 2012 0 12993 7 5 25 18.7707740765255 28.9 7.05 13 975 9 44.707 0 1 0 64 0 2 1 13540 3 3 30 17.4573246096517 25.7 3.71 13 518 9 15.916 0 0 0 63 1 6
"145" 1 "Niederlande" "Deutschland" 2012 0 50355 3 1 7 16.6353406265265 27.7 12.04 4 1234 4 40.129 2 1 0 60 1 16 0 43742 8 4 3.2 18.2202400220443 25 19.96 4 1292 4 69.436 10 0 0 52 1 4
"146" 2 "Deutschland" "Niederlande" 2012 0 43742 8 4 3.2 18.2202400220443 25 19.96 3 1292 3 69.436 10 0 0 52 1 4 0 50355 3 1 7 16.6353406265265 27.7 12.04 3 1234 3 40.129 2 1 0 60 1 16
"147" 2 "Daenemark" "Portugal" 2012 0 59928 4 3 60 15.5345201068277 27.1 3.78 9 1019 22 30.55 0 0 0 62 1 16 0 22413 3 3 18 16.1816336717623 27.6 14.68 9 996 22 51.596 4 3 0 42 1 13
"148" 3 "Portugal" "Daenemark" 2012 0 22413 3 3 18 16.1816336717623 27.6 14.68 10 996 5 51.596 4 3 0 42 1 13 0 59928 4 3 60 15.5345201068277 27.1 3.78 10 1019 5 30.55 0 0 0 62 1 16
"149" 1 "Italien" "Kroatien" 2012 0 36267 7 3 12 17.9271546172644 28.4 12.87 12 977 6 60.552 0 0 0 54 1 3 0 14457 5 2 30 15.3014239841129 27 6.63 12 1053 6 16.124 1 0 0 43 1 18
"150" 1 "Kroatien" "Italien" 2012 0 14457 5 2 30 15.3014239841129 27 6.63 8 1053 20 16.124 1 0 0 43 1 18 0 36267 7 3 12 17.9271546172644 28.4 12.87 8 977 20 60.552 0 0 0 54 1 3
"1511" 4 "Spanien" "Irland" 2012 0 32360 7 5 3.2 17.6461282611417 27.2 28.61 1 1456 1 82.329 14 3 0 61 1 4 0 47513 3 3 75 15.3198101522751 28.9 3.09 1 907 1 8.708 0 0 0 73 0 23
"152" 0 "Irland" "Spanien" 2012 0 47513 3 3 75 15.3198101522751 28.9 3.09 18 907 35 8.708 0 0 0 73 0 23 0 32360 7 5 3.2 17.6461282611417 27.2 28.61 18 1456 35 82.329 14 3 0 61 1 4
"153" 2 "Schweden" "England" 2012 0 56956 2 1 50 16.0676441074622 28.9 5.34 17 910 23 14.125 0 0 0 54 1 20 0 38592 6 4 10 17.9604531729495 26.5 17.05 17 1145 23 85.785 2 0 0 65 1 0
"154" 3 "England" "Schweden" 2012 0 38592 6 4 10 17.9604531729495 26.5 17.05 6 1145 2 85.785 2 0 0 65 1 0 0 56956 2 1 50 16.0676441074622 28.9 5.34 6 910 2 14.125 0 0 0 54 1 20
"155" 0 "Ukraine" "Frankreich" 2012 1 3621 9 5 45 17.6351770173143 27.9 4.67 52 572 11 43.883 1 0 0 59 1 2 0 44008 3 2 12 17.9990862539143 27.3 14.78 52 964 11 53.678 3 1 0 46 1 11
"156" 2 "Frankreich" "Ukraine" 2012 0 44008 3 2 12 17.9990862539143 27.3 14.78 14 964 7 53.678 3 1 0 46 1 11 1 3621 9 5 45 17.6351770173143 27.9 4.67 14 572 7 43.883 1 0 0 59 1 2
"157" 1 "Griechenland" "Russland" 2012 0 27073 5 3 60 16.2446401922833 27.8 3.64 15 953 12 34.166 0 0 0 57 0 7 0 12993 7 5 25 18.7707740765255 28.9 7.05 15 975 12 44.707 0 1 0 64 0 2
"158" 0 "Russland" "Griechenland" 2012 0 12993 7 5 25 18.7707740765255 28.9 7.05 13 975 9 44.707 0 1 0 64 0 2 0 27073 5 3 60 16.2446401922833 27.8 3.64 13 953 9 34.166 0 0 0 57 0 7
"159" 1 "Tschechien" "Polen" 2012 0 20444 6 1 50 16.1740032828966 27.8 4.4 27 771 17 20.85 1 0 0 47 1 15 1 13540 3 3 30 17.4573246096517 25.7 3.71 27 518 17 15.916 0 0 0 63 1 6
"160" 0 "Polen" "Tschechien" 2012 1 13540 3 3 30 17.4573246096517 25.7 3.71 62 518 14 15.916 0 0 0 63 1 6 0 20444 6 1 50 16.1740032828966 27.8 4.4 62 771 14 20.85 1 0 0 47 1 15
"1611" 2 "Portugal" "Niederlande" 2012 0 22413 3 3 18 16.1816336717623 27.6 14.68 10 996 5 51.596 4 3 0 42 1 13 0 50355 3 1 7 16.6353406265265 27.7 12.04 10 1234 5 40.129 2 1 0 60 1 16
"162" 1 "Niederlande" "Portugal" 2012 0 50355 3 1 7 16.6353406265265 27.7 12.04 4 1234 4 40.129 2 1 0 60 1 16 0 22413 3 3 18 16.1816336717623 27.6 14.68 4 996 4 51.596 4 3 0 42 1 13
"163" 1 "Daenemark" "Deutschland" 2012 0 59928 4 3 60 15.5345201068277 27.1 3.78 9 1019 22 30.55 0 0 0 62 1 16 0 43742 8 4 3.2 18.2202400220443 25 19.96 9 1292 22 69.436 10 0 0 52 1 4
"164" 2 "Deutschland" "Daenemark" 2012 0 43742 8 4 3.2 18.2202400220443 25 19.96 3 1292 3 69.436 10 0 0 52 1 4 0 59928 4 3 60 15.5345201068277 27.1 3.78 3 1019 3 30.55 0 0 0 62 1 16
"165" 2 "Italien" "Irland" 2012 0 36267 7 3 12 17.9271546172644 28.4 12.87 12 977 6 60.552 0 0 0 54 1 3 0 47513 3 3 75 15.3198101522751 28.9 3.09 12 907 6 8.708 0 0 0 73 0 23
"166" 0 "Irland" "Italien" 2012 0 47513 3 3 75 15.3198101522751 28.9 3.09 18 907 35 8.708 0 0 0 73 0 23 0 36267 7 3 12 17.9271546172644 28.4 12.87 18 977 35 60.552 0 0 0 54 1 3
"167" 0 "Kroatien" "Spanien" 2012 0 14457 5 2 30 15.3014239841129 27 6.63 8 1053 20 16.124 1 0 0 43 1 18 0 32360 7 5 3.2 17.6461282611417 27.2 28.61 8 1456 20 82.329 14 3 0 61 1 4
"168" 1 "Spanien" "Kroatien" 2012 0 32360 7 5 3.2 17.6461282611417 27.2 28.61 1 1456 1 82.329 14 3 0 61 1 4 0 14457 5 2 30 15.3014239841129 27 6.63 1 1053 1 16.124 1 0 0 43 1 18
"169" 1 "England" "Ukraine" 2012 0 38592 6 4 10 17.9604531729495 26.5 17.05 6 1145 2 85.785 2 0 0 65 1 0 1 3621 9 5 45 17.6351770173143 27.9 4.67 6 572 2 43.883 1 0 0 59 1 2
"170" 0 "Ukraine" "England" 2012 1 3621 9 5 45 17.6351770173143 27.9 4.67 52 572 11 43.883 1 0 0 59 1 2 0 38592 6 4 10 17.9604531729495 26.5 17.05 52 1145 11 85.785 2 0 0 65 1 0
"1711" 2 "Schweden" "Frankreich" 2012 0 56956 2 1 50 16.0676441074622 28.9 5.34 17 910 23 14.125 0 0 0 54 1 20 0 44008 3 2 12 17.9990862539143 27.3 14.78 17 964 23 53.678 3 1 0 46 1 11
"172" 0 "Frankreich" "Schweden" 2012 0 44008 3 2 12 17.9990862539143 27.3 14.78 14 964 7 53.678 3 1 0 46 1 11 0 56956 2 1 50 16.0676441074622 28.9 5.34 14 910 7 14.125 0 0 0 54 1 20
"173" 0 "Tschechien" "Portugal" 2012 0 20444 6 1 50 16.1740032828966 27.8 4.4 27 771 17 20.85 1 0 0 47 1 15 0 22413 3 3 18 16.1816336717623 27.6 14.68 27 996 17 51.596 4 3 0 42 1 13
"174" 1 "Portugal" "Tschechien" 2012 0 22413 3 3 18 16.1816336717623 27.6 14.68 10 996 5 51.596 4 3 0 42 1 13 0 20444 6 1 50 16.1740032828966 27.8 4.4 10 771 5 20.85 1 0 0 47 1 15
"175" 4 "Deutschland" "Griechenland" 2012 0 43742 8 4 3.2 18.2202400220443 25 19.96 3 1292 3 69.436 10 0 0 52 1 4 0 27073 5 3 60 16.2446401922833 27.8 3.64 3 953 3 34.166 0 0 0 57 0 7
"176" 2 "Griechenland" "Deutschland" 2012 0 27073 5 3 60 16.2446401922833 27.8 3.64 15 953 12 34.166 0 0 0 57 0 7 0 43742 8 4 3.2 18.2202400220443 25 19.96 15 1292 12 69.436 10 0 0 52 1 4
"177" 2 "Spanien" "Frankreich" 2012 0 32360 7 5 3.2 17.6461282611417 27.2 28.61 1 1456 1 82.329 14 3 0 61 1 4 0 44008 3 2 12 17.9990862539143 27.3 14.78 1 964 1 53.678 3 1 0 46 1 11
"178" 0 "Frankreich" "Spanien" 2012 0 44008 3 2 12 17.9990862539143 27.3 14.78 14 964 7 53.678 3 1 0 46 1 11 0 32360 7 5 3.2 17.6461282611417 27.2 28.61 14 1456 7 82.329 14 3 0 61 1 4
"179" 0 "England" "Italien" 2012 0 38592 6 4 10 17.9604531729495 26.5 17.05 6 1145 2 85.785 2 0 0 65 1 0 0 36267 7 3 12 17.9271546172644 28.4 12.87 6 977 2 60.552 0 0 0 54 1 3
"180" 0 "Italien" "England" 2012 0 36267 7 3 12 17.9271546172644 28.4 12.87 12 977 6 60.552 0 0 0 54 1 3 0 38592 6 4 10 17.9604531729495 26.5 17.05 12 1145 6 85.785 2 0 0 65 1 0
"1811" 0 "Portugal" "Spanien" 2012 0 22413 3 3 18 16.1816336717623 27.6 14.68 10 996 5 51.596 4 3 0 42 1 13 0 32360 7 5 3.2 17.6461282611417 27.2 28.61 10 1456 5 82.329 14 3 0 61 1 4
"182" 0 "Spanien" "Portugal" 2012 0 32360 7 5 3.2 17.6461282611417 27.2 28.61 1 1456 1 82.329 14 3 0 61 1 4 0 22413 3 3 18 16.1816336717623 27.6 14.68 1 996 1 51.596 4 3 0 42 1 13
"183" 1 "Deutschland" "Italien" 2012 0 43742 8 4 3.2 18.2202400220443 25 19.96 3 1292 3 69.436 10 0 0 52 1 4 0 36267 7 3 12 17.9271546172644 28.4 12.87 3 977 3 60.552 0 0 0 54 1 3
"184" 2 "Italien" "Deutschland" 2012 0 36267 7 3 12 17.9271546172644 28.4 12.87 12 977 6 60.552 0 0 0 54 1 3 0 43742 8 4 3.2 18.2202400220443 25 19.96 12 1292 6 69.436 10 0 0 52 1 4
"185" 4 "Spanien" "Italien" 2012 0 32360 7 5 3.2 17.6461282611417 27.2 28.61 1 1456 1 82.329 14 3 0 61 1 4 0 36267 7 3 12 17.9271546172644 28.4 12.87 1 977 1 60.552 0 0 0 54 1 3
"186" 0 "Italien" "Spanien" 2012 0 36267 7 3 12 17.9271546172644 28.4 12.87 12 977 6 60.552 0 0 0 54 1 3 0 32360 7 5 3.2 17.6461282611417 27.2 28.61 12 1456 6 82.329 14 3 0 61 1 4
